00000000000000000000000000000000
0s000000001000000000000000000000
00000000001000000000000000000000
00000000001000000000000000000000
00000000001000000000000000000000
00000000001000000000000000000000
00000011111000000000000000000000
00000000000000000000000000000000
00000000000000000000000000000000
00000000000000000000000000000000
0000000000000000000000t000000000
00000000000000000000000000000000
00000000000000000000000000000000
00000000000000000000000000000000
00000000000000000000000000000000
00000000000000000000000000000000
00000000000000000000000000000000