00000000000000000000000000000000
00000000000000000000000000000000
000000000000000t0000000000000000
00000000000000000000000000000000
00000000000000000000000000000000
00000000000000000000000000000000
00000000000000000000000000000000
00000000000000000000000000000000
000000000t00000s00000t0000000000
00000000000000000000000000000000
00000000000000000000000000000000
00000000000000000000000000000000
00000000000000000000000000000000
00000000000000000000000000000000
000000000000000t0000000000000000
00000000000000000000000000000000
00000000000000000000000000000000
CHANGE ME